223457891478232 
223457892478239 
133457893478238 
123457894478283 
123457895478231
----------------------------- 
123457896478230 
123457897478200 
123457898478201 
123457899478284 
123457810478233
-----------------------
223457811478232 
223457812478239 
133457813478238 
123457144478283 
123457155478231
123457166478230 
123457177478200 
123457188478201 
123457199478284 
123457200478233
123457895478211 
123457895478224 
123457895478337 
123457895478249 
123457895478253 
123457895478269 
123457895478272 
123457895478281 
123457895478298 
123457895478105